0 1
0.0820583052041196 0.959049649177033
0.162474198716586 0.919244768549964
0.242391105720863 0.880257719587551
0.322357450257379 0.842061324217808
0.402708289334111 0.80474416540725
0.483708967946311 0.768443563227726
0.565613480200312 0.733322255892334
0.648692657225267 0.699561966215978
0.733253381067865 0.667364077663436
0.819658139553859 0.636954173650037
0.908350856977469 0.608589956083614
0.997954887512084 0.583089339825329
1.08627638533745 0.561253301273805
1.17278936266088 0.54320325202808
1.2575828273357 0.528848260945285
1.34093036048927 0.518056628079462
1.42313544099605 0.510708491739024
1.5044843407304 0.506707302856317
1.58523743078822 0.505979085600288
1.66563278061041 0.508469123991757
1.74589289905321 0.514138907792519
1.82623178789728 0.522963979198078
1.90686172592233 0.534932712722868
1.98799997225248 0.550045958750222
2.0698758621974 0.568317532231703
2.15273894704783 0.589775631031502
2.23686906892512 0.614465412492228
2.3225896867362 0.642453172760197
2.41028655880673 0.673832934651974
2.50043540045249 0.708736912231738
2.59084023250436 0.746156080212634
2.67975249927212 0.785025517269755
2.76682962291689 0.824787901578351
2.85222768837655 0.865124908845163
2.93624156008535 0.905821989411608
3.01917956360337 0.94670738197123
3.1013277157073 0.987626040483051
3.18294517972711 1.02842860984722
3.26484122942894 1.06925055629355
3.34768383960953 1.1101488352096
3.43184758300661 1.15101059608672
3.51760996789987 1.19164328329773
3.60522966959727 1.2318066000387
3.69498260701479 1.27122179406189
3.78718474345391 1.30957135181096
3.88221392455305 1.34649358242637
3.98053799936882 1.3815729172072
4.07786299702622 1.41284818569897
4.17251999878111 1.43970118539011
4.26439223552199 1.46217875625001
4.35385027404714 1.48049424106245
4.44135365210876 1.49486220838464
4.52732829010764 1.50545810032456
4.61214222472931 1.51241657915206
4.69611149027828 1.51583882559813
4.77951266960336 1.51579999595841
4.86259508412707 1.51235488243417
4.94559116636723 1.50554174682908
5.02872525069321 1.49538467720881
5.11222143492051 1.48189477092169
5.1963112316583 1.4650703121662
5.28124176360582 1.44489596815073
5.36728538357159 1.42134087373065
5.4547519019836 1.39435527791072
5.54400520995078 1.36386512533442
5.63548725682805 1.32976342278817
5.72975466340338 1.29189623876915
5.82753813075472 1.25003909498001
5.92523302279618 1.20598348893211
6.02064654551013 1.1611915858435
6.11327502911831 1.11641823862473
6.20322622835392 1.07208274406954
6.29078669846418 1.02845228894039
6.37626837249976 0.985723269700734
6.46026408024683 0.943906176088952
6.5437376384672 0.902802714884006
6.6271902173896 0.862443092076449
6.71095467701189 0.822948039493554
6.79530931811071 0.784478247515364
6.88052601829229 0.747217119186546
6.96689526641237 0.71136674222296
7.05474486752427 0.677149713204257
7.1444601151599 0.644814478478179
7.23651096572416 0.614644106451561
7.33054772101834 0.587227203976574
7.42349247289564 0.563742112911697
7.51451228308855 0.544418734360361
7.60363112814226 0.529176225151313
7.69114110142859 0.517866293868731
7.77738643450891 0.510349840261568
7.8626959771434 0.50651475084324
7.9473692672772 0.50627592985938
8.03167997570318 0.50957139956122
8.1158839673523 0.51635857021939
8.20022800645613 0.52661163432715
8.28495826759724 0.540320162954725
8.37032890197095 0.557488834304578
8.45661133049638 0.578138299068054
8.54410523058535 0.602307343764419
8.6331526060699 0.630056744721158
8.72415710127943 0.661475574819433
8.81761220655878 0.696691383466802
8.91283623785206 0.735337893889882
9.00687804019429 0.775907490185378
9.0989703079371 0.817609058294109
9.18916895620307 0.860008637489892
9.27778197665249 0.902831526800901
9.3651622538662 0.945869311514801
9.4516441177645 0.988939432966897
9.53753129979011 1.03186810873845
9.62377504606266 1.07481699112535
9.71110067370809 1.1178239851131
9.79992606278523 1.16074403488532
9.89057023638776 1.20334329216335
9.9833379043453 1.24533192347297
10.0785603554307 1.28637265054342
10.1766237474815 1.32607859040642
10.27799885764 1.36400473994971
10.3812725096078 1.39899156792465
10.4824657249847 1.42935372420068
10.5806472051207 1.45481571840978
10.6760021841445 1.47554825685805
10.7690164077079 1.491800676883
10.8601944141131 1.50379286142711
10.9499840795604 1.51169607782601
11.0387700803388 1.51563830194195
11.1268862454405 1.51571342297164
11.21463061327 1.51198891601349
11.3022789503364 1.50451117092282
11.3900963434585 1.49330878333731
11.4783475681754 1.47839420708782
11.5673071985834 1.45976400780578
11.6572705398438 1.43739774938402
11.7485666966737 1.4112553083345
11.8415756102609 1.38127209603253
11.9367519533648 1.34735116396091
12.0346608985932 1.3093502392904
12.1360352203444 1.26705984884739
12.2397365670736 1.22113572330639
12.3417083762648 1.173814639332
12.4407495485921 1.12625780400588
12.5367743285313 1.07908244566992
12.63005869189 1.03265482828973
12.7209591780657 0.987226754399299
12.810108245015 0.942852548584698
12.898643629248 0.899302360441437
12.9871584295434 0.856614381197215
13.0760481712728 0.814933929155621
13.1656456126762 0.774454629710307
13.2562787893202 0.735398735296584
13.348302522719 0.698013212609397
13.4421236029103 0.662573147016014
13.5382297594196 0.629390043178982
13.6372308275887 0.598825543098083
13.7365847331184 0.572137869276754
13.8342060815504 0.550056201123492
13.9297149112494 0.532625579640384
14.0233306989481 0.519699082082015
14.1154343534363 0.511108946049447
14.2064186145987 0.506713931123955
14.2966478078923 0.506406377817836
14.3864551054119 0.510108681399151
14.4761510227399 0.517768506450325
14.5660344770136 0.529355203644712
14.6564041557783 0.544857855800313
14.7475702284531 0.564284938679772
14.8398673263887 0.587665641246644
14.9336703087727 0.615053134330994
15.0294151428544 0.646530477697714
15.1276287329381 0.682220541673005
15.2289745741865 0.722302629316954
15.3300342911074 0.765162717688493
15.4291419407386 0.809582800815119
15.5260990090987 0.854912441915655
15.6211984278904 0.900766588255982
15.7148507729417 0.946872861192853
15.8074620735757 0.993002989503862
15.8994046178855 1.03894361623925
15.9918978446089 1.08491846430168
16.0857231049999 1.13091437542713
16.1813562521719 1.17672435600968
16.2791817378014 1.22204092841945
16.3795827759009 1.26648715146113
16.4829894690964 1.30962219630832
16.5899178630817 1.35093458125655
16.7010171807232 1.38982635754465
16.8107481750248 1.42375588777121
16.9172042522262 1.45203753694126
17.0203619082507 1.47479047030682
17.1207573152022 1.49231066899929
17.2190056297502 1.5048740783554
17.3156633312186 1.51269568546674
17.4112083792799 1.51593332832689
17.50605405174 1.51469975240897
17.6005688409804 1.5090730748224
17.695094943272 1.49910396931039
17.7899644341457 1.48481990007595
17.8855141430958 1.46622693646138
17.982100790505 1.44330942437224
18.080118303722 1.4160274202558
18.1800198949518 1.38431132076344
18.2823489058059 1.34805240050633
18.3877854173037 1.3070866563266
18.4972221441502 1.2611666222134
18.6091392180336 1.21117568368925
18.7190175365165 1.1597003401392
18.8255643077779 1.1080958440683
18.9287367776672 1.05708473064252
19.0288872003905 1.00709626406303
19.1264484606333 0.958425843794094
19.222854335056 0.910804664105301
19.3190283316677 0.864200181352285
19.4155359367604 0.818765926590584
19.5128221314721 0.774736884720534
19.611310982944 0.732393461598702
19.7114571252361 0.692053031490795
19.8137848399259 0.654074183838331
19.9189324709151 0.618869389466347
20.0277171607811 0.586927152999488
20.1357328110818 0.560082519632675
20.2414599772546 0.538806336341639
20.3448375293327 0.523013188402913
20.446269789493 0.512495053288376
20.5462576603819 0.507057721852327
20.6452847471355 0.506551313045141
20.7437953798064 0.510869794669644
20.8422021287779 0.519944378433457
20.9409013366006 0.53373786798574
21.040290496338 0.552241516699371
21.1407868381442 0.575474596097455
21.2428486862271 0.603486858942273
21.3470026174304 0.636364568389521
21.4538815264948 0.674241686496778
21.5642827988555 0.717319570865206
21.675773285817 0.7643768819263
21.7854260475405 0.813585846875561
21.8926835278085 0.863966827545895
21.9978262064362 0.914958464151002
22.1013585784722 0.966179650349734
22.2038023156487 1.01731860989574
22.3060816847408 1.06830249435999
22.4096307846362 1.11931097197954
22.515227955335 1.17014616852632
22.6234385922869 1.22042611495739
22.7347946098013 1.26965108392645
22.8498840249217 1.31721862522255
22.969418495455 1.36241410977112
23.0933480210995 1.40408139024796
23.2150051454216 1.43925261484564
23.3327605172031 1.46740739859266
23.446874856449 1.48880240406475
23.5581065576755 1.503816502308
23.6672392832356 1.51276760624714
23.7749649906298 1.51588689202055
23.8818813992281 1.5133322105934
23.9885186264473 1.50520509140586
24.0953692518936 1.49156312398364
24.2029163974408 1.47242702306274
24.3116608597134 1.44778303101621
24.422150544714 1.41758093824558
24.5350170603557 1.38172708337281
24.6510271551502 1.34007023749859
24.7711629379665 1.29237557081532
24.8967595626182 1.23827591558859
25.0235854644686 1.18008668263155
25.1473411840677 1.12072704207041
25.2670295360679 1.06173619654262
25.3828582388743 1.00395263081578
25.4953763730529 0.947893163241077
25.6066563928627 0.893208765498386
25.7179166494706 0.839954177474534
25.8299604327502 0.788415099247214
25.9434689618417 0.738990970096101
26.0591362744782 0.692159672948367
26.177755826761 0.648478517686558
26.3003092571082 0.608607226708878
26.4274378947101 0.573518417886246
26.5533189595572 0.545607888821825
26.6764802897581 0.525303382804648
26.7971126455732 0.512426540741732
26.91589580045 0.506708523080026
27.0335880589584 0.50793519357132
27.1509171980685 0.515970237359538
27.2685755620355 0.530748056443821
27.3872480076707 0.55226461975546
27.5076514248103 0.580573587187117
27.6305837497594 0.615789724613012
27.7569896515626 0.658101722463338
27.8880594249919 0.707799410234737
28.0242208261974 0.764814165740476
28.1591897290253 0.825734796795959
28.2914806907719 0.888648831064252
28.4214176848348 0.952477003415632
28.5498434518217 1.01650319913122
28.6782067495626 1.08039558634523
28.8090634971847 1.14435694559454
28.9439151612556 1.20790992760034
29.0839833255713 1.27018797836804
29.2305593176558 1.3300099207031
29.3852415208809 1.38584969696102
29.5455542914244 1.43446438220665
29.7031613712898 1.47191451134342
29.8567182128528 1.49767184498854
30.0073018372928 1.51207037936947
30.1565457499749 1.51541544436054
30.3061143582212 1.50778279343792
30.4576620863513 1.48900322890203
30.6129557204788 1.45866275750546
30.7740847358507 1.41606590872499
30.9438027518284 1.36012847423701
31.1261750288221 1.28912805471852
31.3280784474742 1.20008871897691
31.4159265358979 1.15878196062424
